d500=76.5571;
d501=64.3842;
d502=72.2328;
d503=74.9850;
gamma0=11.3764;
gamma1=9.5675;
gamma2=10.7338;
gamma3=11.1428;